$ 1 0.000005 10.20027730826997 50 5 50 5e-11
150 544 400 704 400 0 2 5 5
154 544 240 704 240 0 2 0 5
L 464 288 432 288 0 1 false 5 0
L 464 320 432 320 0 1 false 5 0
M 864 256 912 256 0 2.5
M 992 544 1040 544 0 2.5
w 464 288 496 288 0
w 496 288 496 224 0
w 496 224 544 224 0
w 464 320 512 320 0
w 512 320 512 256 0
w 512 256 544 256 0
w 512 320 512 416 0
w 496 288 496 384 0
w 496 384 544 384 0
x 880 242 895 245 4 24 S
x 394 295 409 298 4 24 A
x 394 331 410 334 4 24 B
x 1001 524 1054 527 4 24 Cout
154 752 256 864 256 0 2 5 5
L 464 352 432 352 0 1 false 5 0
x 384 361 421 364 4 24 Cin
150 544 480 704 480 0 2 5 5
150 544 560 704 560 0 2 5 5
152 768 416 880 416 0 2 5 5
152 880 544 992 544 0 2 5 5
w 512 416 544 416 0
w 496 384 496 464 0
w 496 464 544 464 0
w 464 352 528 352 0
w 528 352 528 496 0
w 528 496 544 496 0
w 528 496 528 576 0
w 528 576 544 576 0
w 512 416 512 544 0
w 512 544 544 544 0
w 704 240 752 240 0
w 528 352 720 352 0
w 720 352 720 272 0
w 720 272 752 272 0
w 704 400 768 400 0
w 704 480 736 480 0
w 736 480 736 432 0
w 736 432 768 432 0
w 880 416 880 528 0
w 704 560 880 560 0
