$ 1 0.000005 10.20027730826997 50 5 50 5e-11
150 544 368 704 368 0 2 0 5
154 544 240 704 240 0 2 0 5
L 464 288 432 288 0 0 false 5 0
L 464 320 432 320 0 0 false 5 0
M 704 240 752 240 0 2.5
M 704 368 752 368 0 2.5
w 464 288 496 288 0
w 496 288 496 224 0
w 496 224 544 224 0
w 464 320 512 320 0
w 512 320 512 256 0
w 512 256 544 256 0
w 512 320 512 352 0
w 512 352 544 352 0
w 496 288 496 384 0
w 496 384 544 384 0
x 714 215 729 218 4 24 S
x 395 265 410 268 4 24 A
x 394 359 410 362 4 24 B
x 714 350 731 353 4 24 C
